000017.jpg 0 201 112 81 118 1 213 179 271 223
000022.jpg 1 181 160 249 149 0 183 113 57 154
000261.jpg 2 168 167 336 208 2 193 155 291 179
000455.jpg 0 213 102 74 147 1 259 159 312 188
000812.jpg 2 197 209 230 134 0 211 152 175 249 0 332 33 51 36 0 99 10 36 19
000930.jpg 0 210 133 132 146 2 201 180 171 107
001183.jpg 1 110 184 89 98 1 202 198 175 195 0 212 138 49 129
001370.jpg 2 97 297 121 235 2 208 273 84 223 0 100 208 165 337 0 218 198 112 302
001579.jpg 2 90 333 179 164 2 149 288 239 155 0 158 224 128 225 0 53 264 105 267
001988.jpg 2 142 268 268 286 0 143 190 158 271
